6 0.162805 0.228189 0.007724 0.034156
6 0.137552 0.228601 0.007724 0.034156
6 0.150327 0.228601 0.007724 0.034156
6 0.377600 0.228601 0.007724 0.034156
6 0.390374 0.228601 0.007724 0.034156
6 0.592395 0.228601 0.007724 0.034156
6 0.617647 0.228601 0.007724 0.034156
6 0.807190 0.228601 0.007724 0.034156
6 0.819667 0.228601 0.007724 0.034156
6 0.832442 0.228601 0.007724 0.034156
6 0.365122 0.229012 0.007724 0.034156
6 0.605169 0.229012 0.007724 0.034156
18 0.381313 0.169136 0.037730 0.055967
18 0.608586 0.169136 0.037730 0.055967
18 0.823381 0.169136 0.037730 0.055967
18 0.153743 0.169547 0.037730 0.055967
19 0.133274 0.351061 0.068416 0.078773
19 0.360368 0.351235 0.068330 0.078601
19 0.587641 0.351235 0.068330 0.078601
19 0.802436 0.351235 0.068330 0.078601
